1277942400000.0,2.0,-0.6923076923076923
1277942400000.0,3.0,0.6
1277942400000.0,4.0,-1.0
1277942400000.0,5.0,-1.0
1277942400000.0,8.0,1.0
1277942400000.0,9.0,-0.625
1277942400000.0,10.0,-1.0
1277942400000.0,11.0,0.0
1277942400000.0,12.0,0.0
1277942400000.0,13.0,-0.5
1277942400000.0,17.0,-0.2
1277942400000.0,18.0,-0.3333333333333333
1277942400000.0,19.0,-0.5555555555555556
1277942400000.0,20.0,0.0
1277942400000.0,21.0,-0.875
1277942400000.0,22.0,-0.2972972972972973
1277942400000.0,23.0,-0.7777777777777778
1277942400000.0,24.0,-0.3333333333333333
1277942400000.0,25.0,-0.09090909090909093
1280620800000.0,1.0,-0.3484848484848485
1280620800000.0,2.0,-0.6129032258064516
1280620800000.0,3.0,-1.0
1280620800000.0,4.0,-1.0
1280620800000.0,5.0,-0.5
1280620800000.0,6.0,-1.0
1280620800000.0,9.0,-0.8666666666666667
1280620800000.0,10.0,-0.2
1280620800000.0,12.0,-0.7272727272727273
1280620800000.0,13.0,-1.0
1280620800000.0,14.0,-1.0
1280620800000.0,16.0,-1.0
1280620800000.0,17.0,0.25
1280620800000.0,18.0,-1.0
1280620800000.0,19.0,-0.14285714285714285
1280620800000.0,20.0,-0.8181818181818182
1280620800000.0,21.0,-0.7241379310344828
1280620800000.0,22.0,-0.3793103448275862
1280620800000.0,23.0,-0.2
1280620800000.0,24.0,1.0
1280620800000.0,25.0,0.13513513513513514
1283299200000.0,1.0,-0.248062015503876
1283299200000.0,2.0,-0.28
1283299200000.0,3.0,0.16666666666666666
1283299200000.0,4.0,0.0
1283299200000.0,5.0,-0.6666666666666666
1283299200000.0,9.0,-0.6666666666666666
1283299200000.0,10.0,-0.6
1283299200000.0,11.0,-1.0
1283299200000.0,12.0,-0.5238095238095238
1283299200000.0,13.0,1.0
1283299200000.0,14.0,-1.0
1283299200000.0,17.0,-0.14285714285714285
1283299200000.0,18.0,0.6
1283299200000.0,19.0,-0.2222222222222222
1283299200000.0,20.0,-1.0
1283299200000.0,21.0,-0.7037037037037037
1283299200000.0,22.0,-0.15789473684210525
1283299200000.0,23.0,-0.8
1283299200000.0,24.0,0.0
1283299200000.0,25.0,-0.19402985074626866
1285891200000.0,1.0,-0.05263157894736842
1285891200000.0,2.0,-0.4666666666666667
1285891200000.0,3.0,-0.3
1285891200000.0,4.0,-1.0
1285891200000.0,6.0,1.0
1285891200000.0,7.0,-1.0
1285891200000.0,9.0,-0.8
1285891200000.0,10.0,-0.3
1285891200000.0,11.0,-1.0
1285891200000.0,12.0,-0.13333333333333333
1285891200000.0,13.0,-0.5
1285891200000.0,17.0,-1.0
1285891200000.0,18.0,0.0
1285891200000.0,19.0,0.01709401709401709
1285891200000.0,20.0,0.0
1285891200000.0,21.0,-0.9166666666666667
1285891200000.0,22.0,-0.18333333333333335
1285891200000.0,23.0,-0.4285714285714286
1285891200000.0,24.0,0.6
1285891200000.0,25.0,-0.125
1285891200000.0,26.0,0.0
1288569600000.0,1.0,-0.26605504587155965
1288569600000.0,2.0,-0.6842105263157895
1288569600000.0,3.0,-0.09090909090909093
1288569600000.0,5.0,-0.3333333333333333
1288569600000.0,7.0,-1.0
1288569600000.0,9.0,-0.7142857142857143
1288569600000.0,10.0,0.25
1288569600000.0,11.0,-1.0
1288569600000.0,12.0,-0.8484848484848485
1288569600000.0,13.0,-0.7
1288569600000.0,17.0,-0.6923076923076923
1288569600000.0,18.0,-0.2
1288569600000.0,19.0,-0.7435897435897436
1288569600000.0,20.0,-0.6666666666666666
1288569600000.0,21.0,-1.0
1288569600000.0,22.0,-0.5454545454545454
1288569600000.0,23.0,-0.8333333333333334
1288569600000.0,24.0,0.0
1288569600000.0,25.0,-0.2727272727272727
1288569600000.0,26.0,-1.0
1291161600000.0,1.0,-0.21052631578947367
1291161600000.0,2.0,-0.1871345029239766
1291161600000.0,3.0,0.26262626262626265
1291161600000.0,5.0,-0.1111111111111111
1291161600000.0,9.0,0.7692307692307692
1291161600000.0,10.0,0.26666666666666666
1291161600000.0,12.0,-0.8484848484848485
1291161600000.0,13.0,-0.8
1291161600000.0,14.0,-1.0
1291161600000.0,15.0,-1.0
1291161600000.0,17.0,-0.5303030303030303
1291161600000.0,18.0,0.4
1291161600000.0,19.0,-0.5571428571428572
1291161600000.0,20.0,-1.0
1291161600000.0,21.0,-0.25
1291161600000.0,22.0,-0.18636363636363634
1291161600000.0,23.0,-0.7525252525252526
1291161600000.0,24.0,-1.0
1291161600000.0,25.0,-0.07380952380952381
1293840000000.0,1.0,-0.2227488151658768
1293840000000.0,2.0,-0.10344827586206896
1293840000000.0,3.0,0.2307692307692308
1293840000000.0,4.0,-1.0
1293840000000.0,5.0,-0.14285714285714285
1293840000000.0,6.0,0.0
1293840000000.0,8.0,0.0
1293840000000.0,9.0,-0.8333333333333334
1293840000000.0,10.0,-0.16666666666666669
1293840000000.0,11.0,-1.0
1293840000000.0,12.0,-0.6842105263157895
1293840000000.0,13.0,-0.5
1293840000000.0,14.0,0.0
1293840000000.0,16.0,0.3333333333333333
1293840000000.0,17.0,-0.8421052631578947
1293840000000.0,18.0,-0.7307692307692308
1293840000000.0,19.0,-0.5263157894736842
1293840000000.0,20.0,-0.6666666666666666
1293840000000.0,21.0,-0.5789473684210527
1293840000000.0,22.0,-0.7931034482758621
1293840000000.0,23.0,-0.5
1293840000000.0,24.0,-0.6666666666666666
1293840000000.0,25.0,0.0392156862745098
1296518400000.0,1.0,-0.14720812182741114
1296518400000.0,2.0,0.3333333333333333
1296518400000.0,3.0,-0.4545454545454545
1296518400000.0,4.0,1.0
1296518400000.0,5.0,-1.0
1296518400000.0,8.0,1.0
1296518400000.0,9.0,-1.0
1296518400000.0,10.0,-0.07692307692307693
1296518400000.0,11.0,0.0
1296518400000.0,12.0,-0.6756756756756757
1296518400000.0,13.0,0.3333333333333333
1296518400000.0,14.0,-1.0
1296518400000.0,17.0,0.3333333333333333
1296518400000.0,18.0,-0.6923076923076923
1296518400000.0,19.0,-0.6
1296518400000.0,20.0,-1.0
1296518400000.0,21.0,-0.4117647058823529
1296518400000.0,22.0,-0.4705882352941176
1296518400000.0,23.0,0.2380952380952381
1296518400000.0,24.0,-1.0
1296518400000.0,25.0,-0.35
1298937600000.0,1.0,-0.30851063829787234
1298937600000.0,2.0,-0.3333333333333333
1298937600000.0,3.0,-0.6
1298937600000.0,4.0,1.0
1298937600000.0,5.0,-0.3333333333333333
1298937600000.0,7.0,-1.0
1298937600000.0,9.0,-0.8333333333333333
1298937600000.0,10.0,-0.1
1298937600000.0,11.0,-0.4181818181818182
1298937600000.0,12.0,-0.730909090909091
1298937600000.0,13.0,0.6
1298937600000.0,14.0,-1.0
1298937600000.0,15.0,0.0
1298937600000.0,16.0,-1.0
1298937600000.0,17.0,-0.9
1298937600000.0,18.0,-0.7
1298937600000.0,19.0,-0.4375
1298937600000.0,20.0,-1.0
1298937600000.0,21.0,-0.4456521739130435
1298937600000.0,22.0,-0.5357975357975358
1298937600000.0,23.0,-0.7946428571428572
1298937600000.0,24.0,0.0
1298937600000.0,25.0,-0.1939655172413793
1301616000000.0,1.0,-0.2164179104477612
1301616000000.0,2.0,-0.5
1301616000000.0,3.0,-0.2
1301616000000.0,5.0,0.0
1301616000000.0,6.0,-1.0
1301616000000.0,9.0,-0.75
1301616000000.0,10.0,-0.09090909090909093
1301616000000.0,11.0,-0.625
1301616000000.0,12.0,-0.8775510204081632
1301616000000.0,13.0,-0.3333333333333333
1301616000000.0,15.0,-1.0
1301616000000.0,16.0,-1.0
1301616000000.0,17.0,-1.0
1301616000000.0,18.0,0.5
1301616000000.0,19.0,-0.7619047619047619
1301616000000.0,20.0,-1.0
1301616000000.0,21.0,-0.696969696969697
1301616000000.0,22.0,-0.5272727272727272
1301616000000.0,23.0,-0.75
1301616000000.0,24.0,-0.5
1301616000000.0,25.0,-0.07462686567164177
1304208000000.0,1.0,-0.2
1304208000000.0,2.0,-0.5757575757575758
1304208000000.0,3.0,-0.5833333333333334
1304208000000.0,4.0,-1.0
1304208000000.0,5.0,-1.0
1304208000000.0,7.0,-0.4
1304208000000.0,8.0,0.14285714285714285
1304208000000.0,9.0,-0.8461538461538461
1304208000000.0,10.0,-0.5714285714285714
1304208000000.0,11.0,-0.17647058823529413
1304208000000.0,12.0,-0.9523809523809523
1304208000000.0,13.0,-0.7142857142857143
1304208000000.0,14.0,0.0
1304208000000.0,15.0,-1.0
1304208000000.0,17.0,-0.7894736842105263
1304208000000.0,18.0,-1.0
1304208000000.0,19.0,-0.5744680851063829
1304208000000.0,20.0,-1.0
1304208000000.0,21.0,-0.8214285714285714
1304208000000.0,22.0,-0.7142857142857143
1304208000000.0,23.0,-1.0
1304208000000.0,24.0,-0.5
1304208000000.0,25.0,-0.19298245614035087
1306886400000.0,1.0,-0.3
1306886400000.0,2.0,-0.8076923076923077
1306886400000.0,3.0,-0.7222222222222222
1306886400000.0,4.0,0.0
1306886400000.0,5.0,-0.5
1306886400000.0,7.0,-1.0
1306886400000.0,9.0,-0.9090909090909092
1306886400000.0,10.0,-0.8333333333333333
1306886400000.0,11.0,-0.2307692307692308
1306886400000.0,12.0,-0.8098404255319149
1306886400000.0,13.0,-1.0
1306886400000.0,15.0,-1.0
1306886400000.0,17.0,-0.75
1306886400000.0,18.0,-0.5777777777777777
1306886400000.0,19.0,-0.5142857142857142
1306886400000.0,20.0,0.5
1306886400000.0,21.0,-0.8421052631578947
1306886400000.0,22.0,-0.7755102040816326
1306886400000.0,23.0,-1.0
1306886400000.0,24.0,-1.0
1306886400000.0,25.0,-0.21212121212121213
1309478400000.0,1.0,-0.3684210526315789
1309478400000.0,2.0,-0.8064516129032258
1309478400000.0,3.0,-0.358974358974359
1309478400000.0,5.0,-1.0
1309478400000.0,8.0,1.0
1309478400000.0,9.0,-1.0
1309478400000.0,10.0,-0.8947368421052632
1309478400000.0,11.0,-0.8
1309478400000.0,12.0,-0.6868686868686869
1309478400000.0,13.0,-1.0
1309478400000.0,14.0,0.0
1309478400000.0,15.0,-1.0
1309478400000.0,16.0,-1.0
1309478400000.0,17.0,-0.38372093023255816
1309478400000.0,18.0,-0.5294117647058824
1309478400000.0,19.0,-0.8
1309478400000.0,20.0,-0.8181818181818182
1309478400000.0,21.0,-0.8292682926829269
1309478400000.0,22.0,-0.4596670934699103
1309478400000.0,23.0,-0.2948717948717948
1309478400000.0,24.0,-0.3333333333333333
1309478400000.0,25.0,0.13894324853228962
1312156800000.0,1.0,-0.21875
1312156800000.0,2.0,-0.373015873015873
1312156800000.0,3.0,-0.3125
1312156800000.0,4.0,-0.4285714285714286
1312156800000.0,5.0,-0.2857142857142857
1312156800000.0,9.0,-0.29411764705882354
1312156800000.0,10.0,-0.5
1312156800000.0,11.0,-0.3125
1312156800000.0,12.0,-0.6666666666666666
1312156800000.0,13.0,0.875
1312156800000.0,14.0,0.0
1312156800000.0,15.0,0.2307692307692308
1312156800000.0,16.0,1.0
1312156800000.0,17.0,-0.25
1312156800000.0,18.0,-0.04166666666666666
1312156800000.0,19.0,0.3
1312156800000.0,20.0,-0.29729729729729726
1312156800000.0,21.0,-0.34444444444444444
1312156800000.0,22.0,-0.6071428571428571
1312156800000.0,23.0,-0.125
1312156800000.0,24.0,0.33333333333333337
1312156800000.0,25.0,0.08666666666666667
1314835200000.0,1.0,0.3333333333333333
1314835200000.0,2.0,0.5632183908045977
1314835200000.0,3.0,0.5833333333333334
1314835200000.0,4.0,0.25
1314835200000.0,5.0,0.625
1314835200000.0,6.0,0.8333333333333333
1314835200000.0,7.0,0.3333333333333333
1314835200000.0,8.0,1.0
1314835200000.0,9.0,0.5
1314835200000.0,10.0,0.38095238095238093
1314835200000.0,11.0,0.5
1314835200000.0,12.0,0.11985688729874777
1314835200000.0,13.0,1.0
1314835200000.0,14.0,0.2
1314835200000.0,15.0,0.33333333333333337
1314835200000.0,16.0,-1.0
1314835200000.0,17.0,0.5
1314835200000.0,18.0,0.7692307692307692
1314835200000.0,19.0,0.7287878787878788
1314835200000.0,20.0,0.7285067873303167
1314835200000.0,21.0,0.5113636363636364
1314835200000.0,22.0,0.265993265993266
1314835200000.0,23.0,0.6666666666666666
1314835200000.0,24.0,0.4666666666666667
1314835200000.0,25.0,0.11153846153846154
1317427200000.0,1.0,0.14583333333333334
1317427200000.0,2.0,0.525
1317427200000.0,3.0,-0.3
1317427200000.0,5.0,1.0
1317427200000.0,6.0,1.0
1317427200000.0,7.0,1.0
1317427200000.0,9.0,0.7777777777777778
1317427200000.0,10.0,-0.3939393939393939
1317427200000.0,11.0,0.6
1317427200000.0,12.0,-0.038759689922480606
1317427200000.0,13.0,1.0
1317427200000.0,15.0,0.5
1317427200000.0,16.0,1.0
1317427200000.0,17.0,0.13636363636363635
1317427200000.0,18.0,0.41666666666666663
1317427200000.0,19.0,0.5619047619047619
1317427200000.0,20.0,0.41428571428571426
1317427200000.0,21.0,0.7096774193548387
1317427200000.0,22.0,0.1204933586337761
1317427200000.0,23.0,0.4444444444444444
1317427200000.0,24.0,0.30952380952380953
1317427200000.0,25.0,0.14674397859054417
1320105600000.0,1.0,0.47186796699174793
1320105600000.0,2.0,0.6071428571428571
1320105600000.0,3.0,0.7333333333333334
1320105600000.0,5.0,0.6666666666666666
1320105600000.0,9.0,0.2857142857142857
1320105600000.0,10.0,-0.3
1320105600000.0,11.0,-0.13333333333333333
1320105600000.0,12.0,0.22156862745098038
1320105600000.0,13.0,1.0
1320105600000.0,14.0,0.5
1320105600000.0,15.0,1.0
1320105600000.0,16.0,1.0
1320105600000.0,17.0,0.6296296296296297
1320105600000.0,18.0,1.0
1320105600000.0,19.0,0.6099290780141844
1320105600000.0,20.0,0.8666666666666667
1320105600000.0,21.0,0.17058823529411762
1320105600000.0,22.0,0.0909090909090909
1320105600000.0,23.0,0.4285714285714286
1320105600000.0,24.0,-0.33333333333333337
1320105600000.0,25.0,0.31195591501288583
1322697600000.0,1.0,0.3040540540540541
1322697600000.0,2.0,0.31520614748041964
1322697600000.0,3.0,-0.25
1322697600000.0,4.0,1.0
1322697600000.0,5.0,0.6666666666666666
1322697600000.0,7.0,0.5
1322697600000.0,9.0,0.7777777777777778
1322697600000.0,10.0,0.13333333333333333
1322697600000.0,11.0,0.16666666666666666
1322697600000.0,12.0,-0.2976190476190476
1322697600000.0,13.0,0.5
1322697600000.0,14.0,1.0
1322697600000.0,15.0,1.0
1322697600000.0,16.0,1.0
1322697600000.0,17.0,0.6333333333333333
1322697600000.0,18.0,0.11904761904761905
1322697600000.0,19.0,0.6799999999999999
1322697600000.0,20.0,0.2
1322697600000.0,21.0,0.48366013071895425
1322697600000.0,22.0,0.34822804314329736
1322697600000.0,23.0,0.4699248120300752
1322697600000.0,24.0,0.5
1322697600000.0,25.0,0.2866004962779156
1322697600000.0,26.0,1.0
1325376000000.0,1.0,0.405940594059406
1325376000000.0,2.0,0.09523809523809526
1325376000000.0,3.0,0.33333333333333337
1325376000000.0,5.0,0.0
1325376000000.0,9.0,0.6666666666666666
1325376000000.0,10.0,-0.16666666666666666
1325376000000.0,11.0,1.0
1325376000000.0,12.0,-0.1
1325376000000.0,13.0,0.0
1325376000000.0,14.0,-1.0
1325376000000.0,15.0,1.0
1325376000000.0,17.0,0.6666666666666666
1325376000000.0,18.0,-0.4
1325376000000.0,19.0,0.6923076923076923
1325376000000.0,20.0,0.6
1325376000000.0,21.0,0.7272727272727273
1325376000000.0,22.0,0.1
1325376000000.0,23.0,0.07692307692307693
1325376000000.0,24.0,-1.0
1325376000000.0,25.0,0.5192307692307692
1328054400000.0,1.0,0.3584905660377358
1328054400000.0,2.0,0.455294863665187
1328054400000.0,3.0,-0.08333333333333334
1328054400000.0,4.0,1.0
1328054400000.0,5.0,0.5
1328054400000.0,6.0,0.2
1328054400000.0,7.0,1.0
1328054400000.0,8.0,1.0
1328054400000.0,9.0,0.4666666666666667
1328054400000.0,10.0,0.16666666666666666
1328054400000.0,11.0,1.0
1328054400000.0,12.0,0.2935064935064935
1328054400000.0,13.0,0.25
1328054400000.0,14.0,1.0
1328054400000.0,17.0,-0.3047619047619048
1328054400000.0,18.0,0.13904338153503892
1328054400000.0,19.0,0.8333333333333333
1328054400000.0,20.0,1.0
1328054400000.0,21.0,0.03333333333333334
1328054400000.0,22.0,0.33596837944664026
1328054400000.0,23.0,0.5454545454545454
1328054400000.0,24.0,0.16666666666666666
1328054400000.0,25.0,0.22540820390282756
1328054400000.0,26.0,-1.0
1330560000000.0,1.0,0.5
1330560000000.0,2.0,0.6016976018816792
1330560000000.0,3.0,0.4666666666666667
1330560000000.0,4.0,1.0
1330560000000.0,5.0,0.875
1330560000000.0,6.0,-0.01587301587301589
1330560000000.0,7.0,0.0
1330560000000.0,8.0,1.0
1330560000000.0,9.0,0.8666666666666667
1330560000000.0,10.0,0.7333333333333334
1330560000000.0,11.0,0.7333333333333334
1330560000000.0,12.0,-0.1383399209486166
1330560000000.0,13.0,0.11111111111111109
1330560000000.0,14.0,1.0
1330560000000.0,15.0,0.0
1330560000000.0,17.0,0.2261904761904762
1330560000000.0,18.0,0.37441643323996265
1330560000000.0,19.0,0.4892623716153128
1330560000000.0,20.0,-0.6666666666666666
1330560000000.0,21.0,0.43267973856209146
1330560000000.0,22.0,0.4819296392330101
1330560000000.0,23.0,0.1726190476190476
1330560000000.0,24.0,0.23809523809523808
1330560000000.0,25.0,0.18030395756833947
1333238400000.0,1.0,0.4716981132075472
1333238400000.0,2.0,0.4565716908394691
1333238400000.0,3.0,0.4445394185824808
1333238400000.0,4.0,0.6666666666666666
1333238400000.0,5.0,0.7272727272727273
1333238400000.0,6.0,0.16666666666666666
1333238400000.0,7.0,0.5238095238095238
1333238400000.0,8.0,1.0
1333238400000.0,9.0,0.683982683982684
1333238400000.0,10.0,0.2754548481821209
1333238400000.0,11.0,0.7877106227106226
1333238400000.0,12.0,0.5235010533138875
1333238400000.0,13.0,0.35743145743145743
1333238400000.0,14.0,0.6041666666666667
1333238400000.0,15.0,0.1166666666666667
1333238400000.0,16.0,1.0
1333238400000.0,17.0,0.30801662918743916
1333238400000.0,18.0,0.3466666666666667
1333238400000.0,19.0,0.6149117790422138
1333238400000.0,20.0,0.4183483183483183
1333238400000.0,21.0,-0.4072689669236372
1333238400000.0,22.0,0.3026105382904076
1333238400000.0,23.0,0.4214257964257964
1333238400000.0,24.0,0.0519047619047619
1333238400000.0,25.0,0.2459492103271568
1333238400000.0,26.0,0.0
1335830400000.0,1.0,0.4230769230769231
1335830400000.0,2.0,0.32758281636963665
1335830400000.0,3.0,0.4592760873509537
1335830400000.0,4.0,0.6428571428571429
1335830400000.0,5.0,0.6086956521739131
1335830400000.0,6.0,0.2833333333333333
1335830400000.0,7.0,0.5449275362318841
1335830400000.0,8.0,0.6666666666666666
1335830400000.0,9.0,0.29503985597735594
1335830400000.0,10.0,-0.039443597338334184
1335830400000.0,11.0,0.2623289168743714
1335830400000.0,12.0,0.3474559290021211
1335830400000.0,13.0,0.39692460317460315
1335830400000.0,14.0,0.6786435786435787
1335830400000.0,15.0,0.20833333333333331
1335830400000.0,16.0,0.06666666666666667
1335830400000.0,17.0,0.32843561667091076
1335830400000.0,18.0,0.37626728110599084
1335830400000.0,19.0,0.3219979533714712
1335830400000.0,20.0,0.2848932676518884
1335830400000.0,21.0,-0.5993860915210546
1335830400000.0,22.0,0.16065719066617754
1335830400000.0,23.0,0.35673509991691804
1335830400000.0,24.0,0.06521739130434781
1335830400000.0,25.0,0.07245204716109117
1335830400000.0,26.0,-0.38333333333333336
1338508800000.0,1.0,0.6610169491525424
1338508800000.0,2.0,0.3976606607317814
1338508800000.0,3.0,0.554221018943708
1338508800000.0,4.0,0.5075757575757576
1338508800000.0,5.0,0.38202947845804985
1338508800000.0,6.0,0.41437728937728935
1338508800000.0,7.0,0.3888888888888889
1338508800000.0,8.0,0.5111111111111112
1338508800000.0,9.0,0.5226100696688931
1338508800000.0,10.0,0.48002616431187856
1338508800000.0,11.0,0.6392688431034296
1338508800000.0,12.0,0.3704354928891177
1338508800000.0,13.0,0.6718996876139732
1338508800000.0,14.0,0.7045454545454546
1338508800000.0,15.0,0.3333333333333333
1338508800000.0,16.0,0.0
1338508800000.0,17.0,0.3444640280354566
1338508800000.0,18.0,0.25667246696658463
1338508800000.0,19.0,0.5021345096351826
1338508800000.0,20.0,0.6711001642036124
1338508800000.0,21.0,-0.5900887658269479
1338508800000.0,22.0,0.27326646210142047
1338508800000.0,23.0,0.3330357550945786
1338508800000.0,24.0,-0.05363984674329503
1338508800000.0,25.0,0.3042582089453483
1338508800000.0,26.0,0.5
1341100800000.0,1.0,0.6727272727272727
1341100800000.0,2.0,0.46687712623955896
1341100800000.0,3.0,0.43977261383932714
1341100800000.0,4.0,0.73
1341100800000.0,5.0,0.6172413793103447
1341100800000.0,6.0,0.13333333333333333
1341100800000.0,7.0,0.5111111111111111
1341100800000.0,8.0,0.5384615384615384
1341100800000.0,9.0,0.5440428090428091
1341100800000.0,10.0,0.3119047619047619
1341100800000.0,11.0,0.6831457431457431
1341100800000.0,12.0,0.44562471475180065
1341100800000.0,13.0,0.6281615049363528
1341100800000.0,14.0,0.8095238095238094
1341100800000.0,15.0,0.25
1341100800000.0,16.0,-1.0
1341100800000.0,17.0,0.49037396155043217
1341100800000.0,18.0,0.3967606467606467
1341100800000.0,19.0,0.46341396506257193
1341100800000.0,20.0,0.5743589743589743
1341100800000.0,21.0,-0.5588529736380771
1341100800000.0,22.0,0.2469548787860681
1341100800000.0,23.0,0.24417298806994595
1341100800000.0,24.0,-0.12359307359307357
1341100800000.0,25.0,0.2569999735673992
1341100800000.0,26.0,0.2222222222222222
1343779200000.0,1.0,1.0
1343779200000.0,2.0,0.32183165675693853
1343779200000.0,3.0,0.4224522140377855
1343779200000.0,4.0,0.572843822843823
1343779200000.0,5.0,0.34234234234234234
1343779200000.0,6.0,0.3592592592592592
1343779200000.0,7.0,0.6047619047619047
1343779200000.0,8.0,0.7777777777777778
1343779200000.0,9.0,0.309014075593023
1343779200000.0,10.0,0.21747351747351748
1343779200000.0,11.0,0.5665277958756221
1343779200000.0,12.0,0.4588425534692298
1343779200000.0,13.0,0.39904670198991515
1343779200000.0,14.0,0.38095238095238093
1343779200000.0,15.0,0.33333333333333337
1343779200000.0,16.0,0.41666666666666663
1343779200000.0,17.0,0.3437082468710688
1343779200000.0,18.0,0.32042386023710295
1343779200000.0,19.0,0.638206758521589
1343779200000.0,20.0,0.35315126050420176
1343779200000.0,21.0,-0.409390716194673
1343779200000.0,22.0,0.20316622430894246
1343779200000.0,23.0,0.31607718556044284
1343779200000.0,24.0,0.1650702832521014
1343779200000.0,25.0,0.2222847988646522
1343779200000.0,26.0,0.05128205128205129
1346457600000.0,1.0,0.696969696969697
1346457600000.0,2.0,0.3192157247977094
1346457600000.0,3.0,0.3489064330025428
1346457600000.0,4.0,0.13541666666666669
1346457600000.0,5.0,0.3422405876951331
1346457600000.0,6.0,0.011111111111111117
1346457600000.0,7.0,0.1
1346457600000.0,8.0,1.0
1346457600000.0,9.0,0.5758838383838385
1346457600000.0,10.0,0.38276420549147827
1346457600000.0,11.0,0.5202998001086573
1346457600000.0,12.0,0.4989914079767301
1346457600000.0,13.0,0.45975267982940615
1346457600000.0,14.0,0.0
1346457600000.0,15.0,-0.6
1346457600000.0,16.0,0.3333333333333333
1346457600000.0,17.0,0.4142824878470812
1346457600000.0,18.0,0.3055074555074554
1346457600000.0,19.0,0.5406569746400726
1346457600000.0,20.0,0.2625901875901876
1346457600000.0,21.0,0.3976211178629519
1346457600000.0,22.0,0.13278576446588794
1346457600000.0,23.0,0.14889977172585867
1346457600000.0,24.0,0.20487528344671202
1346457600000.0,25.0,0.2913215896642991
1346457600000.0,26.0,0.08333333333333331
1349049600000.0,1.0,0.5555555555555556
1349049600000.0,2.0,0.3209140301284916
1349049600000.0,3.0,0.3878352758551977
1349049600000.0,4.0,0.325
1349049600000.0,5.0,0.4057098765432099
1349049600000.0,6.0,0.43518518518518523
1349049600000.0,7.0,0.033274544385655504
1349049600000.0,8.0,0.34615384615384615
1349049600000.0,9.0,0.44447102604997346
1349049600000.0,10.0,0.07327715020022711
1349049600000.0,11.0,0.5950393436223396
1349049600000.0,12.0,0.30981169827323674
1349049600000.0,13.0,0.33964379273976797
1349049600000.0,14.0,0.6406926406926406
1349049600000.0,15.0,0.5
1349049600000.0,16.0,1.0
1349049600000.0,17.0,0.38120988535891465
1349049600000.0,18.0,0.5753324753324752
1349049600000.0,19.0,0.35940058679996756
1349049600000.0,20.0,0.3587257792422786
1349049600000.0,21.0,-0.033583071005112826
1349049600000.0,22.0,0.1891031279688868
1349049600000.0,23.0,0.21004793764974755
1349049600000.0,24.0,-0.01788942052099948
1349049600000.0,25.0,0.19730791632993552
1349049600000.0,26.0,-0.06666666666666668
1351728000000.0,2.0,0.3969145290072902
1351728000000.0,3.0,0.19927939533696729
1351728000000.0,4.0,0.7948717948717949
1351728000000.0,5.0,0.38083333333333336
1351728000000.0,6.0,0.6290322580645161
1351728000000.0,7.0,0.2741935483870968
1351728000000.0,8.0,0.6428571428571429
1351728000000.0,9.0,0.4438031104697771
1351728000000.0,10.0,0.2910766895141895
1351728000000.0,11.0,0.7015312944599554
1351728000000.0,12.0,0.3685652524579786
1351728000000.0,13.0,0.24450792263292262
1351728000000.0,14.0,0.36
1351728000000.0,15.0,0.35
1351728000000.0,16.0,0.0
1351728000000.0,17.0,0.3688571801179664
1351728000000.0,18.0,0.29241622574955906
1351728000000.0,19.0,0.24077056772490205
1351728000000.0,20.0,0.26306305525080653
1351728000000.0,21.0,-0.5904127160823552
1351728000000.0,22.0,0.2316146865689995
1351728000000.0,23.0,0.13701664765494548
1351728000000.0,24.0,0.11891252955082741
1351728000000.0,25.0,0.20471681873532202
1351728000000.0,26.0,0.23529411764705882
1354320000000.0,1.0,0.3055555555555556
1354320000000.0,2.0,0.34548564108680513
1354320000000.0,3.0,0.3112116481493644
1354320000000.0,4.0,0.6666666666666666
1354320000000.0,5.0,0.1901002506265664
1354320000000.0,6.0,0.4650055370985604
1354320000000.0,7.0,0.01625632153313815
1354320000000.0,8.0,0.5714285714285714
1354320000000.0,9.0,0.26584263689526844
1354320000000.0,10.0,0.25332589632589636
1354320000000.0,11.0,0.6481928750643923
1354320000000.0,12.0,0.42438300349427666
1354320000000.0,13.0,0.27875104427736
1354320000000.0,14.0,0.1
1354320000000.0,15.0,0.5933333333333334
1354320000000.0,16.0,1.0
1354320000000.0,17.0,0.4206052619381148
1354320000000.0,18.0,0.3222568411980177
1354320000000.0,19.0,0.19712624297399375
1354320000000.0,20.0,0.24118755318657875
1354320000000.0,21.0,-0.5614834935159624
1354320000000.0,22.0,0.19025331124742711
1354320000000.0,23.0,0.26232549877085515
1354320000000.0,24.0,-0.05317460317460319
1354320000000.0,25.0,0.1140208166246678
1354320000000.0,26.0,0.3
1356998400000.0,1.0,0.2380952380952381
1356998400000.0,2.0,0.281351881276729
1356998400000.0,3.0,0.23116762269988064
1356998400000.0,4.0,0.16133333333333336
1356998400000.0,5.0,0.25733333333333336
1356998400000.0,6.0,0.7017989417989419
1356998400000.0,7.0,0.11111111111111113
1356998400000.0,8.0,0.25
1356998400000.0,9.0,0.334973544973545
1356998400000.0,10.0,0.1309974234072906
1356998400000.0,11.0,0.6138340943425692
1356998400000.0,12.0,0.2735172774126233
1356998400000.0,13.0,0.32731342731342733
1356998400000.0,14.0,0.48571428571428565
1356998400000.0,15.0,0.42857142857142855
1356998400000.0,16.0,1.0
1356998400000.0,17.0,0.3192634373848795
1356998400000.0,18.0,0.2643346996336613
1356998400000.0,19.0,0.29150858102471006
1356998400000.0,20.0,-0.039560747894081226
1356998400000.0,21.0,-0.5258441472352366
1356998400000.0,22.0,0.1440676780291844
1356998400000.0,23.0,0.2974364655343297
1356998400000.0,24.0,0.1567063492063492
1356998400000.0,25.0,0.1496331530573519
1356998400000.0,26.0,0.2222222222222222
1359676800000.0,1.0,0.2727272727272727
1359676800000.0,2.0,0.2763395559654304
1359676800000.0,3.0,0.34031305779071425
1359676800000.0,4.0,0.6153846153846154
1359676800000.0,5.0,0.3504273504273504
1359676800000.0,6.0,0.7262548262548262
1359676800000.0,7.0,0.3376344086021506
1359676800000.0,8.0,0.8
1359676800000.0,9.0,0.2957607433217189
1359676800000.0,10.0,0.2330777189267755
1359676800000.0,11.0,0.4757531584062195
1359676800000.0,12.0,0.18101540065215735
1359676800000.0,13.0,0.30229476405947
1359676800000.0,14.0,0.6041666666666667
1359676800000.0,15.0,-1.0
1359676800000.0,16.0,-0.25
1359676800000.0,17.0,0.3274632076518869
1359676800000.0,18.0,0.2736025741830696
1359676800000.0,19.0,0.5426938082028578
1359676800000.0,20.0,0.39676767676767677
1359676800000.0,21.0,-0.7479459156022107
1359676800000.0,22.0,0.14173576157954754
1359676800000.0,23.0,0.23927456030915956
1359676800000.0,24.0,0.0416815210932858
1359676800000.0,25.0,0.17852916852080097
1359676800000.0,26.0,0.36363636363636365
1362096000000.0,1.0,1.0
1362096000000.0,2.0,0.28877117100734884
1362096000000.0,3.0,0.34644114303205215
1362096000000.0,4.0,0.5
1362096000000.0,5.0,0.17687074829931973
1362096000000.0,6.0,0.8350340136054422
1362096000000.0,7.0,0.19791666666666669
1362096000000.0,8.0,0.23076923076923078
1362096000000.0,9.0,0.08514739229024942
1362096000000.0,10.0,0.1253650429431679
1362096000000.0,11.0,0.5501429883248065
1362096000000.0,12.0,0.21146030638009244
1362096000000.0,13.0,0.35873015873015884
1362096000000.0,14.0,0.41935483870967744
1362096000000.0,15.0,1.0
1362096000000.0,16.0,1.0
1362096000000.0,17.0,0.26725496725496717
1362096000000.0,18.0,0.3726843199331239
1362096000000.0,19.0,0.4257730831260243
1362096000000.0,20.0,0.028747938569367148
1362096000000.0,21.0,-0.301818027225472
1362096000000.0,22.0,0.16762084904032679
1362096000000.0,23.0,0.3364223515036787
1362096000000.0,24.0,0.04695970695970697
1362096000000.0,25.0,0.08785809002038991
1362096000000.0,26.0,0.3333333333333333
1364774400000.0,1.0,0.4545454545454545
1364774400000.0,2.0,0.3008811812250506
1364774400000.0,3.0,0.30313076304537406
1364774400000.0,4.0,0.5555555555555556
1364774400000.0,5.0,0.516260162601626
1364774400000.0,6.0,0.48800000000000004
1364774400000.0,7.0,0.20202020202020202
1364774400000.0,8.0,0.5555555555555555
1364774400000.0,9.0,0.3490537240537241
1364774400000.0,10.0,0.17663262663262663
1364774400000.0,11.0,0.46732263837527
1364774400000.0,12.0,0.1857292439772883
1364774400000.0,13.0,0.41078939275660586
1364774400000.0,14.0,0.48888888888888893
1364774400000.0,15.0,0.7037037037037037
1364774400000.0,16.0,0.2
1364774400000.0,17.0,0.2768108443843738
1364774400000.0,18.0,0.3750561167227835
1364774400000.0,19.0,0.41010029313268714
1364774400000.0,20.0,0.36178512423841774
1364774400000.0,21.0,0.3775020780155161
1364774400000.0,22.0,0.10328304277767503
1364774400000.0,23.0,0.16935911220883282
1364774400000.0,24.0,-0.09755504352278546
1364774400000.0,25.0,0.14149231583444183
1364774400000.0,26.0,1.0
1367366400000.0,1.0,0.5
1367366400000.0,2.0,0.41862648812025066
1367366400000.0,3.0,0.24279592130843186
1367366400000.0,4.0,0.4233333333333333
1367366400000.0,5.0,0.41302083333333334
1367366400000.0,6.0,0.5203968253968253
1367366400000.0,7.0,0.49375
1367366400000.0,8.0,0.4
1367366400000.0,9.0,0.23107638888888893
1367366400000.0,10.0,0.15308495516828852
1367366400000.0,11.0,0.40854623402470297
1367366400000.0,12.0,0.2151825752315949
1367366400000.0,13.0,0.5449663828235256
1367366400000.0,14.0,0.7948717948717948
1367366400000.0,15.0,0.36363636363636365
1367366400000.0,16.0,0.2
1367366400000.0,17.0,0.20423398969244086
1367366400000.0,18.0,0.5495817741580454
1367366400000.0,19.0,0.3106777266175762
1367366400000.0,20.0,0.40276409414340436
1367366400000.0,21.0,0.3567816725424485
1367366400000.0,22.0,0.14623042539262832
1367366400000.0,23.0,0.20594187331683242
1367366400000.0,24.0,0.12226823096388306
1367366400000.0,25.0,0.1422210579036226
1367366400000.0,26.0,0.25
1370044800000.0,1.0,0.3103448275862069
1370044800000.0,2.0,0.2864971076559464
1370044800000.0,3.0,0.18109552319234282
1370044800000.0,4.0,0.09333333333333332
1370044800000.0,5.0,0.5584761904761905
1370044800000.0,6.0,0.6096320346320346
1370044800000.0,7.0,-0.047619047619047596
1370044800000.0,8.0,0.7916666666666666
1370044800000.0,9.0,0.20649350649350648
1370044800000.0,10.0,0.09238626870205816
1370044800000.0,11.0,0.38177337066225947
1370044800000.0,12.0,0.17836438863176832
1370044800000.0,13.0,0.1697662127317583
1370044800000.0,14.0,0.3684210526315789
1370044800000.0,15.0,0.3333333333333333
1370044800000.0,16.0,-1.0
1370044800000.0,17.0,0.08780704144340508
1370044800000.0,18.0,0.30554327406255216
1370044800000.0,19.0,0.18342626773108053
1370044800000.0,20.0,0.42184126984126985
1370044800000.0,21.0,0.13091093170077217
1370044800000.0,22.0,0.16706797521904654
1370044800000.0,23.0,0.23978370080096723
1370044800000.0,24.0,0.017658730158730148
1370044800000.0,25.0,0.12966559755641846
1370044800000.0,26.0,0.5555555555555555
1377993600000.0,1.0,0.5
1377993600000.0,2.0,0.34674561214496263
1377993600000.0,3.0,0.2432224638106991
1377993600000.0,4.0,0.375
1377993600000.0,5.0,0.09487179487179488
1377993600000.0,6.0,0.7777777777777778
1377993600000.0,7.0,0.18333333333333335
1377993600000.0,8.0,0.22222222222222224
1377993600000.0,9.0,0.1630952380952381
1377993600000.0,10.0,0.344828869047619
1377993600000.0,11.0,0.3442857142857143
1377993600000.0,12.0,0.30594791989915826
1377993600000.0,13.0,0.19869614512471653
1377993600000.0,14.0,0.509090909090909
1377993600000.0,15.0,0.07692307692307693
1377993600000.0,16.0,0.3333333333333333
1377993600000.0,17.0,0.3431209694862471
1377993600000.0,18.0,0.5166666666666666
1377993600000.0,19.0,0.522307369917664
1377993600000.0,20.0,0.2593537414965986
1377993600000.0,21.0,0.29647848883143
1377993600000.0,22.0,0.28503244914358644
1377993600000.0,23.0,0.39229824294479465
1377993600000.0,24.0,0.05208333333333334
1377993600000.0,25.0,0.11857630960465518
1377993600000.0,26.0,0.3333333333333333
1380585600000.0,1.0,0.3333333333333333
1380585600000.0,2.0,0.37959239858344224
1380585600000.0,3.0,0.3933453215163188
1380585600000.0,4.0,0.6083333333333333
1380585600000.0,5.0,0.4755941732685918
1380585600000.0,6.0,0.6674418604651162
1380585600000.0,7.0,0.09583333333333333
1380585600000.0,8.0,0.5652173913043478
1380585600000.0,9.0,0.2676543209876543
1380585600000.0,10.0,0.16083476272155517
1380585600000.0,11.0,0.5630407718643012
1380585600000.0,12.0,0.2304361174270677
1380585600000.0,13.0,0.12135714285714286
1380585600000.0,14.0,0.5218390804597701
1380585600000.0,15.0,0.20175438596491233
1380585600000.0,16.0,0.3333333333333333
1380585600000.0,17.0,0.11892523364933887
1380585600000.0,18.0,0.19328165374677003
1380585600000.0,19.0,0.35869362073433586
1380585600000.0,20.0,0.48300729771317996
1380585600000.0,21.0,0.2996204546831512
1380585600000.0,22.0,0.12468216962861234
1380585600000.0,23.0,0.2748906883628538
1380585600000.0,24.0,0.12243018419489006
1380585600000.0,25.0,0.10220421463816187
1380585600000.0,26.0,0.3333333333333333
1383264000000.0,1.0,0.5833333333333334
1383264000000.0,2.0,0.22408913108110923
1383264000000.0,3.0,0.25160018888832447
1383264000000.0,4.0,0.76
1383264000000.0,5.0,0.19155844155844157
1383264000000.0,6.0,0.6910442773600667
1383264000000.0,7.0,0.11029601029601031
1383264000000.0,8.0,0.08333333333333331
1383264000000.0,9.0,0.2910727656182201
1383264000000.0,10.0,0.016291393979020748
1383264000000.0,11.0,0.3749243131596072
1383264000000.0,12.0,0.23868788750328343
1383264000000.0,13.0,0.050463765767853504
1383264000000.0,14.0,0.6666666666666666
1383264000000.0,15.0,0.39999999999999997
1383264000000.0,17.0,0.26012839588557535
1383264000000.0,18.0,0.35886524822695026
1383264000000.0,19.0,0.2805151664407012
1383264000000.0,20.0,0.21453289508845064
1383264000000.0,21.0,0.2408109577601103
1383264000000.0,22.0,0.04037151301783792
1383264000000.0,23.0,0.16870498665770747
1383264000000.0,24.0,-0.02872194854953474
1383264000000.0,25.0,0.1770610218169329
1383264000000.0,26.0,-0.03921568627450983
1385856000000.0,1.0,0.14285714285714285
1385856000000.0,2.0,0.21189249279389122
1385856000000.0,3.0,0.24921347882744754
1385856000000.0,4.0,0.2631578947368421
1385856000000.0,5.0,0.45497076023391814
1385856000000.0,6.0,0.5163742690058479
1385856000000.0,7.0,-0.04411764705882353
1385856000000.0,8.0,0.044444444444444446
1385856000000.0,9.0,0.07011634199134198
1385856000000.0,10.0,0.0985792249849343
1385856000000.0,11.0,0.23894095183568867
1385856000000.0,12.0,0.1629030866425824
1385856000000.0,13.0,0.07998071956055146
1385856000000.0,14.0,0.478395061728395
1385856000000.0,15.0,0.7254901960784313
1385856000000.0,16.0,0.2
1385856000000.0,17.0,0.18570388716793462
1385856000000.0,18.0,0.18673734624616403
1385856000000.0,19.0,0.18534310693974548
1385856000000.0,20.0,0.2554401154401155
1385856000000.0,21.0,0.21767442874585732
1385856000000.0,22.0,0.09516701390291796
1385856000000.0,23.0,0.07223871316345686
1385856000000.0,24.0,0.08186929157078411
1385856000000.0,25.0,0.13122887759293592
1385856000000.0,26.0,0.3
1388534400000.0,1.0,0.1111111111111111
1388534400000.0,2.0,0.25768729803605334
1388534400000.0,3.0,0.35024855574624575
1388534400000.0,4.0,0.7053968253968254
1388534400000.0,5.0,0.3506493506493507
1388534400000.0,6.0,0.6561132561132562
1388534400000.0,7.0,0.2334126984126984
1388534400000.0,8.0,-0.22435897435897434
1388534400000.0,9.0,0.350894660894661
1388534400000.0,10.0,0.13050292500756897
1388534400000.0,11.0,0.34520975056689346
1388534400000.0,12.0,0.20522695695109494
1388534400000.0,13.0,0.010894288603266937
1388534400000.0,14.0,0.45333333333333337
1388534400000.0,15.0,1.0
1388534400000.0,16.0,0.0
1388534400000.0,17.0,0.14394278379572495
1388534400000.0,18.0,0.11231307296254774
1388534400000.0,19.0,0.19489545373167155
1388534400000.0,20.0,0.35552627173048923
1388534400000.0,21.0,0.2675249481261384
1388534400000.0,22.0,0.15700683785794084
1388534400000.0,23.0,0.2575165522032779
1388534400000.0,24.0,0.07575894250869325
1388534400000.0,25.0,0.14999339653263782
1388534400000.0,26.0,-0.06666666666666667
1391212800000.0,1.0,0.3493975903614458
1391212800000.0,2.0,0.25655507877004097
1391212800000.0,3.0,0.2234902993831565
1391212800000.0,4.0,0.4589743589743589
1391212800000.0,5.0,0.19705215419501132
1391212800000.0,6.0,0.5610515114352833
1391212800000.0,7.0,0.3137254901960784
1391212800000.0,8.0,0.12820512820512822
1391212800000.0,9.0,0.3597060494851848
1391212800000.0,10.0,0.029804660360215923
1391212800000.0,11.0,0.18289776067553837
1391212800000.0,12.0,0.10125282479349465
1391212800000.0,13.0,0.14388046297137205
1391212800000.0,14.0,0.038709677419354854
1391212800000.0,15.0,0.07692307692307693
1391212800000.0,16.0,0.5
1391212800000.0,17.0,0.20072402345129609
1391212800000.0,18.0,0.25173531825317536
1391212800000.0,19.0,0.28226763316049025
1391212800000.0,20.0,0.2562593590895477
1391212800000.0,21.0,0.2237259341355789
1391212800000.0,22.0,0.14384543206527045
1391212800000.0,23.0,0.1653487808835207
1391212800000.0,24.0,0.05016042780748662
1391212800000.0,25.0,0.11043108485057765
1391212800000.0,26.0,0.16666666666666666
1393632000000.0,1.0,0.2631578947368421
1393632000000.0,2.0,0.2906786647389041
1393632000000.0,3.0,0.17313747395150192
1393632000000.0,4.0,0.6617405582922824
1393632000000.0,5.0,0.6375
1393632000000.0,6.0,0.6243463019963004
1393632000000.0,7.0,0.42028985507246375
1393632000000.0,8.0,0.22916666666666666
1393632000000.0,9.0,0.1811431623931624
1393632000000.0,10.0,0.09730639730639731
1393632000000.0,11.0,0.15485008818342152
1393632000000.0,12.0,0.12031860286043829
1393632000000.0,13.0,0.16796256904015525
1393632000000.0,14.0,0.03333333333333333
1393632000000.0,15.0,0.6
1393632000000.0,16.0,-1.0
1393632000000.0,17.0,0.20620960626031623
1393632000000.0,18.0,0.2484851176290252
1393632000000.0,19.0,0.23494025131956162
1393632000000.0,20.0,0.14796248196248193
1393632000000.0,21.0,0.18517237368874975
1393632000000.0,22.0,0.08347554864905508
1393632000000.0,23.0,0.22690608023857156
1393632000000.0,24.0,0.1824346963665849
1393632000000.0,25.0,0.10257027802205894
1393632000000.0,26.0,0.015151515151515178
1396310400000.0,1.0,0.6571428571428571
1396310400000.0,2.0,0.25232903888335956
1396310400000.0,3.0,0.21556285033005682
1396310400000.0,4.0,0.4385964912280701
1396310400000.0,5.0,0.19444444444444445
1396310400000.0,6.0,0.5138726815252423
1396310400000.0,7.0,0.28857142857142853
1396310400000.0,8.0,-0.1409090909090909
1396310400000.0,9.0,0.17497402597402595
1396310400000.0,10.0,0.09384145266498208
1396310400000.0,11.0,0.28673775347459557
1396310400000.0,12.0,0.049541542812409384
1396310400000.0,13.0,0.0708004413886767
1396310400000.0,14.0,-0.10350877192982455
1396310400000.0,15.0,0.1111111111111111
1396310400000.0,16.0,0.5
1396310400000.0,17.0,0.1540254132627924
1396310400000.0,18.0,0.09042443064182193
1396310400000.0,19.0,0.381201705092182
1396310400000.0,20.0,0.3255017709563164
1396310400000.0,21.0,0.3688098361928442
1396310400000.0,22.0,0.0448430319383224
1396310400000.0,23.0,0.1476761800291212
1396310400000.0,24.0,-0.01399004046062871
1396310400000.0,25.0,0.12863141361980607
1396310400000.0,26.0,0.25
1398902400000.0,1.0,0.3333333333333333
1398902400000.0,2.0,0.27163539167360956
1398902400000.0,3.0,0.24308432461167243
1398902400000.0,4.0,0.28888888888888886
1398902400000.0,5.0,0.3843073593073594
1398902400000.0,6.0,0.4946804421469344
1398902400000.0,7.0,-0.17962962962962964
1398902400000.0,8.0,0.05555555555555555
1398902400000.0,9.0,0.21467919765133384
1398902400000.0,10.0,0.08017764128875242
1398902400000.0,11.0,0.06814621437262948
1398902400000.0,12.0,0.0696810260446624
1398902400000.0,13.0,0.0011048863990040475
1398902400000.0,14.0,0.13095238095238093
1398902400000.0,15.0,0.0
1398902400000.0,16.0,0.2
1398902400000.0,17.0,0.15832240300465425
1398902400000.0,18.0,0.028095238095238104
1398902400000.0,19.0,0.3603133302694706
1398902400000.0,20.0,0.44845938375350136
1398902400000.0,21.0,0.41977558074030613
1398902400000.0,22.0,0.059198216614698845
1398902400000.0,23.0,0.2746419848673031
1398902400000.0,24.0,-0.062236321370936744
1398902400000.0,25.0,0.10608320032050689
1398902400000.0,26.0,-0.15555555555555556
1401580800000.0,1.0,0.3478260869565217
1401580800000.0,2.0,0.20300097433209455
1401580800000.0,3.0,0.12830869271542122
1401580800000.0,4.0,0.20012950012950015
1401580800000.0,5.0,0.2765151515151515
1401580800000.0,6.0,0.4025451559934319
1401580800000.0,7.0,0.10584415584415584
1401580800000.0,8.0,-0.05555555555555555
1401580800000.0,9.0,0.29025211935659706
1401580800000.0,10.0,0.1270541549953315
1401580800000.0,11.0,0.09600694444444444
1401580800000.0,12.0,0.2620112766288326
1401580800000.0,13.0,0.16070473644003058
1401580800000.0,14.0,0.17204301075268819
1401580800000.0,15.0,0.5789473684210527
1401580800000.0,16.0,-0.5
1401580800000.0,17.0,0.13003596377199825
1401580800000.0,18.0,0.33916640730366215
1401580800000.0,19.0,0.2482181087424518
1401580800000.0,20.0,0.13396880896880897
1401580800000.0,21.0,0.20998588829471188
1401580800000.0,22.0,0.017097166770190374
1401580800000.0,23.0,0.19634808826563233
1401580800000.0,24.0,0.09665158074248985
1401580800000.0,25.0,0.13554837217228316
1401580800000.0,26.0,-0.3333333333333333
1404172800000.0,1.0,-0.3333333333333333
1404172800000.0,2.0,0.1616047036555425
1404172800000.0,3.0,0.17210518336410446
1404172800000.0,4.0,0.4135135135135135
1404172800000.0,5.0,0.13565891472868216
1404172800000.0,6.0,0.23988927738927743
1404172800000.0,7.0,0.21851851851851853
1404172800000.0,8.0,0.125
1404172800000.0,9.0,-0.01020408163265307
1404172800000.0,10.0,0.004074224386724391
1404172800000.0,11.0,0.19746100460386168
1404172800000.0,12.0,0.1263940857293245
1404172800000.0,13.0,0.009909803458190545
1404172800000.0,14.0,0.38235294117647056
1404172800000.0,15.0,0.5416666666666667
1404172800000.0,16.0,0.0
1404172800000.0,17.0,0.1396379662004662
1404172800000.0,18.0,0.16197583511016345
1404172800000.0,19.0,0.17344275019290037
1404172800000.0,20.0,0.1492616728980985
1404172800000.0,21.0,0.30509794960002173
1404172800000.0,22.0,0.059428195681626314
1404172800000.0,23.0,0.13312310542683436
1404172800000.0,24.0,-0.0029170829170828924
1404172800000.0,25.0,0.10202913937527566
1404172800000.0,26.0,0.19047619047619047
1406851200000.0,1.0,0.0
1406851200000.0,2.0,0.14833871956380398
1406851200000.0,3.0,0.06042594683899032
1406851200000.0,4.0,0.12698412698412698
1406851200000.0,5.0,0.22833333333333333
1406851200000.0,6.0,0.5118518518518518
1406851200000.0,7.0,0.30980392156862746
1406851200000.0,8.0,0.16666666666666669
1406851200000.0,9.0,0.00992907801418439
1406851200000.0,10.0,-0.00853675514692464
1406851200000.0,11.0,0.005769230769230787
1406851200000.0,12.0,0.342825389546701
1406851200000.0,13.0,0.16549707602339178
1406851200000.0,14.0,0.13793103448275862
1406851200000.0,15.0,0.8888888888888888
1406851200000.0,16.0,1.0
1406851200000.0,17.0,0.26771255564359014
1406851200000.0,18.0,0.4077527151211362
1406851200000.0,19.0,0.09588257087483094
1406851200000.0,20.0,0.18337539682539689
1406851200000.0,21.0,0.27759147015344904
1406851200000.0,22.0,0.08771884142002957
1406851200000.0,23.0,0.23414567549864168
1406851200000.0,24.0,0.09833185061169472
1406851200000.0,25.0,-0.011371944654983413
1406851200000.0,26.0,0.00010131712259370853
1409529600000.0,2.0,0.16209677144109422
1409529600000.0,3.0,0.2087628738364032
1409529600000.0,4.0,0.18589743589743588
1409529600000.0,5.0,0.1888888888888889
1409529600000.0,6.0,0.5408408408408408
1409529600000.0,7.0,0.13974358974358972
1409529600000.0,8.0,-0.02631578947368421
1409529600000.0,9.0,0.2861904761904762
1409529600000.0,10.0,0.025050658561296863
1409529600000.0,11.0,0.07419074752408086
1409529600000.0,12.0,0.2661389458567282
1409529600000.0,13.0,-0.03823520652788945
1409529600000.0,14.0,0.13333333333333336
1409529600000.0,15.0,0.47692307692307695
1409529600000.0,16.0,0.625
1409529600000.0,17.0,0.28914141414141414
1409529600000.0,18.0,0.15999367488931054
1409529600000.0,19.0,0.2051621992701714
1409529600000.0,20.0,0.2648015873015873
1409529600000.0,21.0,0.18823379439188268
1409529600000.0,22.0,0.08714534130693952
1409529600000.0,23.0,0.19102911590043944
1409529600000.0,24.0,0.11687504826091782
1409529600000.0,25.0,0.025781205403484244
1409529600000.0,26.0,-0.03174603174603176
1412121600000.0,2.0,0.16601496891810444
1412121600000.0,3.0,-0.03444444444444444
1412121600000.0,4.0,-0.06015037593984962
1412121600000.0,5.0,0.2222222222222222
1412121600000.0,6.0,0.5454545454545454
1412121600000.0,7.0,0.04444444444444443
1412121600000.0,8.0,-0.3333333333333333
1412121600000.0,9.0,0.2
1412121600000.0,10.0,0.32063492063492066
1412121600000.0,11.0,0.4777777777777778
1412121600000.0,12.0,0.2291111111111111
1412121600000.0,13.0,0.10714285714285714
1412121600000.0,14.0,0.6
1412121600000.0,15.0,0.3333333333333333
1412121600000.0,17.0,0.24608021608021607
1412121600000.0,18.0,-0.2777777777777778
1412121600000.0,19.0,0.27349206349206345
1412121600000.0,20.0,0.17857142857142858
1412121600000.0,21.0,0.012425255903516766
1412121600000.0,22.0,0.16470209757430554
1412121600000.0,23.0,0.15554334554334553
1412121600000.0,24.0,0.03444444444444445
1412121600000.0,25.0,-0.005398561613060224
1412121600000.0,26.0,0.25
1414800000000.0,1.0,0.2972972972972973
1414800000000.0,2.0,0.19637685722558815
1414800000000.0,3.0,0.09404786035220818
1414800000000.0,4.0,0.1623931623931624
1414800000000.0,5.0,0.32638888888888884
1414800000000.0,6.0,0.47807017543859653
1414800000000.0,7.0,-0.08841991341991341
1414800000000.0,8.0,0.26666666666666666
1414800000000.0,9.0,0.2564681564681565
1414800000000.0,10.0,0.1334713595583161
1414800000000.0,11.0,0.1813186813186813
1414800000000.0,12.0,0.11098876968442188
1414800000000.0,13.0,0.15121951219512195
1414800000000.0,14.0,0.09090909090909091
1414800000000.0,15.0,1.0
1414800000000.0,16.0,-1.0
1414800000000.0,17.0,0.1416339080973227
1414800000000.0,18.0,0.29999999999999993
1414800000000.0,19.0,0.19449529621154332
1414800000000.0,20.0,0.17808156755525179
1414800000000.0,21.0,0.07296070457655447
1414800000000.0,22.0,0.07134871911832004
1414800000000.0,23.0,0.24711423841858632
1414800000000.0,24.0,0.0436446532191213
1414800000000.0,25.0,0.05580761556942158
1414800000000.0,26.0,-0.038461538461538464
1417392000000.0,1.0,-0.21428571428571427
1417392000000.0,2.0,0.09065282242935327
1417392000000.0,3.0,0.16092401425734754
1417392000000.0,4.0,0.13333333333333336
1417392000000.0,5.0,0.21666666666666667
1417392000000.0,6.0,0.35149659863945576
1417392000000.0,7.0,0.07526881720430109
1417392000000.0,8.0,0.04761904761904764
1417392000000.0,9.0,-0.018518518518518507
1417392000000.0,10.0,0.1775261324041812
1417392000000.0,11.0,0.1408333333333333
1417392000000.0,12.0,0.21434523809523812
1417392000000.0,13.0,0.07986041736041737
1417392000000.0,14.0,-0.17857142857142858
1417392000000.0,15.0,0.16666666666666666
1417392000000.0,16.0,-0.3333333333333333
1417392000000.0,17.0,0.012981401314734657
1417392000000.0,18.0,0.13489791812934226
1417392000000.0,19.0,0.37386363636363634
1417392000000.0,20.0,-0.03547038787922381
1417392000000.0,21.0,0.104947332388577
1417392000000.0,22.0,0.15831923757402658
1417392000000.0,23.0,0.19294124504923052
1417392000000.0,24.0,0.03772609819121448
1417392000000.0,25.0,0.05894811954485129
1417392000000.0,26.0,0.01587301587301589
1420070400000.0,1.0,0.3142857142857143
1420070400000.0,2.0,0.2669323430430713
1420070400000.0,3.0,0.12643615087224105
1420070400000.0,4.0,0.36666666666666664
1420070400000.0,5.0,0.11989795918367348
1420070400000.0,6.0,0.4394736842105263
1420070400000.0,7.0,-0.07142857142857145
1420070400000.0,8.0,-0.027777777777777773
1420070400000.0,9.0,0.1855820105820106
1420070400000.0,10.0,-0.0070847851335656235
1420070400000.0,11.0,0.18404118404118397
1420070400000.0,12.0,0.21715060007742937
1420070400000.0,13.0,0.030701754385964897
1420070400000.0,14.0,0.7
1420070400000.0,15.0,0.6875
1420070400000.0,16.0,-0.5
1420070400000.0,17.0,0.3119677478810605
1420070400000.0,18.0,0.30214957390871416
1420070400000.0,19.0,0.16263857519292302
1420070400000.0,20.0,0.03230538230538232
1420070400000.0,21.0,0.10381439432191313
1420070400000.0,22.0,0.13359755392143471
1420070400000.0,23.0,0.21035818395855316
1420070400000.0,24.0,0.202022841656988
1420070400000.0,25.0,0.07030792543711406
1420070400000.0,26.0,0.025
1422748800000.0,1.0,0.25
1422748800000.0,2.0,-0.06633986459997099
1422748800000.0,3.0,0.25304643701228147
1422748800000.0,4.0,0.0787878787878788
1422748800000.0,5.0,0.12878787878787878
1422748800000.0,6.0,0.4827586206896552
1422748800000.0,7.0,0.38461538461538464
1422748800000.0,8.0,0.75
1422748800000.0,9.0,0.23591269841269843
1422748800000.0,10.0,-0.09066666666666666
1422748800000.0,11.0,0.05333333333333334
1422748800000.0,12.0,0.04586754241926656
1422748800000.0,13.0,0.03076923076923077
1422748800000.0,14.0,0.04761904761904762
1422748800000.0,15.0,0.4
1422748800000.0,16.0,0.5
1422748800000.0,17.0,0.09203296703296703
1422748800000.0,18.0,0.19091732640119735
1422748800000.0,19.0,0.11786731786731788
1422748800000.0,20.0,0.2583333333333333
1422748800000.0,21.0,0.07119713619713622
1422748800000.0,22.0,0.11523523464295744
1422748800000.0,23.0,0.2125232482825438
1422748800000.0,24.0,0.056179529282977564
1422748800000.0,25.0,0.04282486921837886
1422748800000.0,26.0,0.1794871794871795
1425168000000.0,1.0,-0.2352941176470588
1425168000000.0,2.0,0.019672111083869744
1425168000000.0,3.0,0.2285714285714286
1425168000000.0,4.0,0.0
1425168000000.0,5.0,0.0
1425168000000.0,6.0,0.5833333333333333
1425168000000.0,7.0,-0.2
1425168000000.0,8.0,1.0
1425168000000.0,9.0,0.2148148148148148
1425168000000.0,10.0,0.31428571428571433
1425168000000.0,11.0,0.24074074074074073
1425168000000.0,12.0,0.1611111111111111
1425168000000.0,13.0,0.21428571428571433
1425168000000.0,14.0,-1.0
1425168000000.0,15.0,0.4
1425168000000.0,16.0,-1.0
1425168000000.0,17.0,-0.027777777777777776
1425168000000.0,18.0,0.1728395061728395
1425168000000.0,19.0,0.16948853615520282
1425168000000.0,20.0,-0.8333333333333334
1425168000000.0,21.0,0.06472663139329807
1425168000000.0,22.0,0.19945265881879562
1425168000000.0,23.0,0.09408865987813357
1425168000000.0,24.0,0.01736111111111112
1425168000000.0,25.0,0.08655524036665108
1425168000000.0,26.0,-1.0
1427846400000.0,2.0,0.061424885692050735
1427846400000.0,3.0,0.0716991424542912
1427846400000.0,4.0,-0.23809523809523814
1427846400000.0,5.0,0.0
1427846400000.0,6.0,0.5001082251082251
1427846400000.0,7.0,0.3333333333333333
1427846400000.0,9.0,0.1948051948051948
1427846400000.0,10.0,0.17460317460317462
1427846400000.0,11.0,0.15833333333333333
1427846400000.0,12.0,0.11862990810359232
1427846400000.0,13.0,-0.38888888888888884
1427846400000.0,14.0,1.0
1427846400000.0,15.0,1.0
1427846400000.0,16.0,0.3333333333333333
1427846400000.0,17.0,0.17729677729677729
1427846400000.0,18.0,0.3333333333333333
1427846400000.0,19.0,-0.011854811854811844
1427846400000.0,20.0,0.12948717948717947
1427846400000.0,21.0,0.3092676554215016
1427846400000.0,22.0,0.18895275044918441
1427846400000.0,23.0,0.10925925925925924
1427846400000.0,24.0,-0.035353535353535366
1427846400000.0,25.0,0.23899348006324586
1427846400000.0,26.0,0.3333333333333333
1430438400000.0,1.0,-0.3333333333333333
1430438400000.0,2.0,0.24083552106807926
1430438400000.0,3.0,0.059401709401709385
1430438400000.0,4.0,0.75
1430438400000.0,5.0,0.35416666666666663
1430438400000.0,6.0,0.4633184523809524
1430438400000.0,7.0,0.3333333333333333
1430438400000.0,8.0,1.0
1430438400000.0,9.0,-0.056722689075630266
1430438400000.0,10.0,0.3333333333333333
1430438400000.0,11.0,0.21726190476190474
1430438400000.0,12.0,0.458968253968254
1430438400000.0,13.0,0.10000000000000003
1430438400000.0,14.0,0.07692307692307693
1430438400000.0,15.0,-0.2380952380952381
1430438400000.0,16.0,0.0
1430438400000.0,17.0,0.2670138888888889
1430438400000.0,18.0,0.16666666666666666
1430438400000.0,19.0,-0.04678668215253582
1430438400000.0,20.0,0.4444444444444445
1430438400000.0,21.0,0.4926282051282052
1430438400000.0,22.0,0.0802013877595273
1430438400000.0,23.0,0.2948015873015873
1430438400000.0,24.0,0.3346153846153846
1430438400000.0,25.0,0.22692578793229334
1430438400000.0,26.0,0.0
1433116800000.0,1.0,0.5
1433116800000.0,2.0,0.2597253814255249
1433116800000.0,3.0,0.425564713064713
1433116800000.0,4.0,0.14285714285714285
1433116800000.0,5.0,0.2777777777777778
1433116800000.0,6.0,0.5717836257309942
1433116800000.0,7.0,0.303030303030303
1433116800000.0,8.0,-1.0
1433116800000.0,9.0,-0.12544642857142857
1433116800000.0,10.0,0.5416666666666666
1433116800000.0,11.0,0.24914285714285714
1433116800000.0,12.0,0.2696925985635477
1433116800000.0,13.0,0.19710144927536227
1433116800000.0,14.0,0.45454545454545453
1433116800000.0,15.0,-0.5
1433116800000.0,16.0,0.5714285714285714
1433116800000.0,17.0,0.715686274509804
1433116800000.0,18.0,0.31896551724137934
1433116800000.0,19.0,-0.19428958575300037
1433116800000.0,20.0,0.28787878787878785
1433116800000.0,21.0,0.2882775119617225
1433116800000.0,22.0,0.27154818651609414
1433116800000.0,23.0,0.28366240805265197
1433116800000.0,24.0,0.21568627450980393
1433116800000.0,25.0,0.14652639682466762
1433116800000.0,26.0,0.3333333333333333
1435708800000.0,1.0,0.0
1435708800000.0,2.0,0.2396713385093426
1435708800000.0,3.0,0.4330972058244786
1435708800000.0,4.0,0.3684210526315789
1435708800000.0,5.0,0.7703703703703705
1435708800000.0,6.0,0.15266106442577032
1435708800000.0,7.0,0.4523809523809524
1435708800000.0,8.0,0.2
1435708800000.0,9.0,0.22096436058700208
1435708800000.0,10.0,0.3650793650793651
1435708800000.0,11.0,0.13043478260869565
1435708800000.0,12.0,0.19350264550264548
1435708800000.0,13.0,0.2626262626262626
1435708800000.0,14.0,0.26666666666666666
1435708800000.0,15.0,0.5
1435708800000.0,16.0,0.6
1435708800000.0,17.0,0.22513661202185792
1435708800000.0,18.0,0.5275326025326027
1435708800000.0,19.0,-0.15086861190757295
1435708800000.0,20.0,0.5213675213675213
1435708800000.0,21.0,0.29174603174603175
1435708800000.0,22.0,0.3096243599082287
1435708800000.0,23.0,0.40180105099891184
1435708800000.0,24.0,0.0
1435708800000.0,25.0,0.02998856138723678
1435708800000.0,26.0,0.6
1438387200000.0,1.0,0.5
1438387200000.0,2.0,0.24051235314393205
1438387200000.0,3.0,0.20703703703703702
1438387200000.0,4.0,-0.19166666666666665
1438387200000.0,5.0,-0.0625
1438387200000.0,6.0,0.25
1438387200000.0,7.0,-0.7777777777777777
1438387200000.0,8.0,-1.0
1438387200000.0,9.0,-0.08333333333333331
1438387200000.0,10.0,0.27450980392156865
1438387200000.0,11.0,0.5714285714285714
1438387200000.0,12.0,0.6732804232804233
1438387200000.0,13.0,0.0
1438387200000.0,14.0,1.0
1438387200000.0,15.0,0.0
1438387200000.0,16.0,0.0
1438387200000.0,17.0,0.5088888888888888
1438387200000.0,18.0,0.31968703810809074
1438387200000.0,19.0,-0.22804232804232807
1438387200000.0,20.0,-0.2222222222222222
1438387200000.0,21.0,0.23032581453634082
1438387200000.0,22.0,0.20296720009120206
1438387200000.0,23.0,0.347748158274474
1438387200000.0,24.0,0.045454545454545456
1438387200000.0,25.0,-0.04120480984364833
1438387200000.0,26.0,-0.6
